
Factorial Stack Trace:
PC OP Rg Lx Vl [PC BP SP]
0 INC 0 0 6    [1 1 6]      0   0   0   0   0   0 
	Registers:[0 0 0 0 0 0 0 0 ]

1 LIT 0 0 3    [2 1 6]      0   0   0   0   0   0 
	Registers:[3 0 0 0 0 0 0 0 ]

2 STO 0 0 4    [3 1 6]      0   0   0   0   3   0 
	Registers:[3 0 0 0 0 0 0 0 ]

3 LIT 0 0 1    [4 1 6]      0   0   0   0   3   0 
	Registers:[1 0 0 0 0 0 0 0 ]

4 STO 0 0 5    [5 1 6]      0   0   0   0   3   1 
	Registers:[1 0 0 0 0 0 0 0 ]

5 CAL 0 0 7    [7 7 10]      0   0   0   0   3   1 |  0   1   1   6 
	Registers:[1 0 0 0 0 0 0 0 ]

7 INC 0 0 4    [8 7 14]      0   0   0   0   3   1 |  0   1   1   6   0   0   0   0 
	Registers:[1 0 0 0 0 0 0 0 ]

8 LOD 0 1 4    [9 7 14]      0   0   0   0   3   1 |  0   1   1   6   0   0   0   0 
	Registers:[3 0 0 0 0 0 0 0 ]

9 LOD 1 1 5    [10 7 14]      0   0   0   0   3   1 |  0   1   1   6   0   0   0   0 
	Registers:[3 1 0 0 0 0 0 0 ]

10 MUL 1 0 1    [11 7 14]      0   0   0   0   3   1 |  0   1   1   6   0   0   0   0 
	Registers:[3 3 0 0 0 0 0 0 ]

11 STO 1 1 5    [12 7 14]      0   0   0   0   3   3 |  0   1   1   6   0   0   0   0 
	Registers:[3 3 0 0 0 0 0 0 ]

12 LIT 1 0 1    [13 7 14]      0   0   0   0   3   3 |  0   1   1   6   0   0   0   0 
	Registers:[3 1 0 0 0 0 0 0 ]

13 SUB 0 0 1    [14 7 14]      0   0   0   0   3   3 |  0   1   1   6   0   0   0   0 
	Registers:[2 1 0 0 0 0 0 0 ]

14 STO 0 1 4    [15 7 14]      0   0   0   0   2   3 |  0   1   1   6   0   0   0   0 
	Registers:[2 1 0 0 0 0 0 0 ]

15 NEQ 0 0 1    [16 7 14]      0   0   0   0   2   3 |  0   1   1   6   0   0   0   0 
	Registers:[1 1 0 0 0 0 0 0 ]

16 JPC 0 0 18    [17 7 14]      0   0   0   0   2   3 |  0   1   1   6   0   0   0   0 
	Registers:[1 1 0 0 0 0 0 0 ]

17 CAL 0 1 7    [7 15 18]      0   0   0   0   2   3 |  0   1   1   6   0   0   0   0 |  0   1   7  18 
	Registers:[1 1 0 0 0 0 0 0 ]

7 INC 0 0 4    [8 15 22]      0   0   0   0   2   3 |  0   1   1   6   0   0   0   0 |  0   1   7  18   0   0   0   0 
	Registers:[1 1 0 0 0 0 0 0 ]

8 LOD 0 1 4    [9 15 22]      0   0   0   0   2   3 |  0   1   1   6   0   0   0   0 |  0   1   7  18   0   0   0   0 
	Registers:[2 1 0 0 0 0 0 0 ]

9 LOD 1 1 5    [10 15 22]      0   0   0   0   2   3 |  0   1   1   6   0   0   0   0 |  0   1   7  18   0   0   0   0 
	Registers:[2 3 0 0 0 0 0 0 ]

10 MUL 1 0 1    [11 15 22]      0   0   0   0   2   3 |  0   1   1   6   0   0   0   0 |  0   1   7  18   0   0   0   0 
	Registers:[2 6 0 0 0 0 0 0 ]

11 STO 1 1 5    [12 15 22]      0   0   0   0   2   6 |  0   1   1   6   0   0   0   0 |  0   1   7  18   0   0   0   0 
	Registers:[2 6 0 0 0 0 0 0 ]

12 LIT 1 0 1    [13 15 22]      0   0   0   0   2   6 |  0   1   1   6   0   0   0   0 |  0   1   7  18   0   0   0   0 
	Registers:[2 1 0 0 0 0 0 0 ]

13 SUB 0 0 1    [14 15 22]      0   0   0   0   2   6 |  0   1   1   6   0   0   0   0 |  0   1   7  18   0   0   0   0 
	Registers:[1 1 0 0 0 0 0 0 ]

14 STO 0 1 4    [15 15 22]      0   0   0   0   1   6 |  0   1   1   6   0   0   0   0 |  0   1   7  18   0   0   0   0 
	Registers:[1 1 0 0 0 0 0 0 ]

15 NEQ 0 0 1    [16 15 22]      0   0   0   0   1   6 |  0   1   1   6   0   0   0   0 |  0   1   7  18   0   0   0   0 
	Registers:[0 1 0 0 0 0 0 0 ]

16 JPC 0 0 18    [18 15 22]      0   0   0   0   1   6 |  0   1   1   6   0   0   0   0 |  0   1   7  18   0   0   0   0 
	Registers:[0 1 0 0 0 0 0 0 ]

18 RTN 0 0 0    [18 7 14]      0   0   0   0   1   6 |  0   1   1   6   0   0   0   0 
	Registers:[0 1 0 0 0 0 0 0 ]

18 RTN 0 0 0    [6 1 6]      0   0   0   0   1   6 
	Registers:[0 1 0 0 0 0 0 0 ]

6 JMP 0 0 19    [19 1 6]      0   0   0   0   1   6 
	Registers:[0 1 0 0 0 0 0 0 ]

19 LOD 0 0 5    [20 1 6]      0   0   0   0   1   6 
	Registers:[6 1 0 0 0 0 0 0 ]

20 SIO 0 0 1    [21 1 6]      0   0   0   0   1   6 
	Registers:[6 1 0 0 0 0 0 0 ]

21 SIO 0 0 3    [22 1 6]      0   0   0   0   1   6 
	Registers:[6 1 0 0 0 0 0 0 ]

